Iteration 0:

Joint vector: 2.571 -0.879 1.594 -0.293 -0.488 -2.115 

SE(3) end-effector config: -0.18730488575289145 0.9752953174090855 -0.11711500165652275 -0.5130029470847455  -0.16822758522875572 -0.1493124125414066 -0.974374303350189 0.11366750759288693  -0.9677894189033055 -0.162803093646822 0.1920385205052001 0.08837240048666162  0.0 0.0 0.0 1.0 

error twist V_b: -0.135077102958328 0.18265275742408807 0.17750264822513453 -0.011524598548544042 0.012900997315790435 0.013850797694020825 

angular error magnitude ||omega_b||£º 0.2882967978753378 

linear error magnitude ||v_b||£º 0.022160701708380717
=================================================================================
Iteration 1:

Joint vector: 2.5805963269372154 -1.0386484387919492 1.742796180573659 -0.7571920382151591 -0.5002433035538807 -1.5197467264679496 

SE(3) end-effector config: 0.006045553329735963 0.9981018836011075 -0.06128687654676522 -0.5028430507227556  0.0251065223530842 -0.06142017699997454 -0.9977961837933769 0.10224733818364692  -0.999666501299444 0.004493529705357879 -0.025430186206861813 0.10450430037814908  0.0 0.0 0.0 1.0 

error twist V_b: -0.06139892193758091 -0.02528705020752936 -0.005273440424669074 0.004483560468643554 0.0028998742066660144 0.0022163356136502494 

angular error magnitude ||omega_b||£º 0.06661134811132259 

linear error magnitude ||v_b||£º 0.005781325837799187
=================================================================================
Iteration 2:

Joint vector: 2.585999978372672 -1.0160906636332836 1.7251287286582533 -0.7034221158171994 -0.5548758538895178 -1.5763551156783895 

SE(3) end-effector config: -0.0007875513528962132 0.9999994278804519 -0.0007238795722054042 -0.5000458689047441  -0.002958108452761843 -0.0007262062919902597 -0.9999953610986418 0.1001078833209838  -0.9999953146676479 -0.0007854063852419076 0.002958678685117901 0.1002849401132388  0.0 0.0 0.0 1.0 

error twist V_b: -0.000725044127980363 0.002958398448500836 0.0007864801662837477 0.00028508142083933107 4.602003031400872e-05 0.00010744512124272066 

angular error magnitude ||omega_b||£º 0.00314584828298643 

linear error magnitude ||v_b||£º 0.00030811315093117494
=================================================================================
Iteration 3:

Joint vector: 2.586189148493366 -1.0170395451628327 1.7269231470213287 -0.7098888897801677 -0.5553952746502362 -1.5707913356014804 

SE(3) end-effector config: 4.981111655397286e-07 0.9999999999660055 -8.230452454773178e-06 -0.5000005479439358  2.7882070256485975e-06 -8.23045384359182e-06 -0.9999999999622426 0.09999983685288497  -0.9999999999959889 4.980882174086742e-07 -2.788211125232505e-06 0.10000136522709034  0.0 0.0 0.0 1.0 

error twist V_b: -8.230453149286426e-06 -2.7882090754757583e-06 -4.980996914804911e-07 1.3652274542465172e-06 5.479429242979223e-07 -1.6314746667627854e-07 

angular error magnitude ||omega_b||£º 8.704169816462521e-06 

linear error magnitude ||v_b||£º 1.4801028835859596e-06
=================================================================================
